Cgal0 696 1740 67.82
Cgal0 1733 3104 52.16
Cgal0 3912 4215 47.41
Cgal0 4255 5176 47.41
Cgal0 7552 8641 40.41
Cgal0 8814 9570 49.19
Cgal0 9664 11482 53.14
Cgal0 11605 11914 61.3
Cgal0 11959 13594 60.7
Cgal0 13733 14528 62.11
Cgal0 14743 15955 33.33
Cgal0 16050 16842 44.01
Cgal0 16985 18011 42.76
Cgal0 18497 20702 54.57
Cgal0 20707 22363 52.95
Cgal0 22362 22662 69.6
Cgal0 22658 23273 48.91
Cgal0 23269 23917 56.56
Cgal0 23967 24333 60.4
Cgal0 24341 25412 58.65
Cgal0 25432 25792 53.31
Cgal0 25782 27126 56.56
Cgal0 27173 28028 43.11
Cgal0 27981 29067 62.54
Cgal0 29383 29701 59.41
Cgal0 29798 30530 36.85
Cgal0 30819 32706 46.77
Cgal0 32745 35883 56.41
Cgal0 36550 37012 37.95
Cgal0 37030 38332 59.84
Cgal0 38653 39388 47.99
Cgal0 39505 40723 42.82
Cgal0 40831 41896 51.5
Cgal0 41892 43236 57.69
Cgal0 43433 44228 58.33
Cgal0 44224 45493 46.31
Cgal0 45616 46996 44.5
Cgal0 47365 48808 50.45
Cgal0 49076 54500 44.46
Cgal0 54501 57306 42.07
Cgal0 57333 60156 54.42
Cgal0 60203 60671 36.19
Cgal0 60651 61077 68.23
Cgal0 61183 63130 47.54
Cgal0 63120 63747 53.96
Cgal0 63731 65048 76.66
Cgal0 65056 66832 71.72
Cgal0 66825 67626 42.05
Cgal0 67684 68311 49.09
Cgal0 68426 69179 59.94
Cgal0 69187 69568 44.73
Cgal0 69624 70608 60.8
Cgal0 70729 74911 75.89
Cgal0 74936 78695 75.35
Cgal0 78849 79242 62.33
Cgal0 79284 79797 43.43
Cgal0 79810 80509 64.29
Cgal0 80528 80954 69.29
Cgal0 81060 81603 63.64
Cgal0 81607 81853 44.65
Cgal0 82017 83202 77.59
Cgal0 83394 83616 72.24
Cgal0 83922 84873 54.05
Cgal0 84875 85325 47.13
Cgal0 85528 86113 36.26
Cgal0 86357 86936 42.44
Cgal0 87099 87447 41.96
Cgal0 87557 88424 40.22
Cgal0 88432 89752 40.38
Cgal0 89739 90741 42.52
Cgal0 90900 91638 37.01
Cgal0 91820 92657 45.7
Cgal0 92637 93276 42.55
Cgal0 93356 94442 38.4
Cgal0 94594 95590 50.48
Cgal0 95565 96738 37.8
Cgal0 96701 97313 38.7
Cgal0 97320 98601 45.86
Cgal0 98582 99257 54.36
Cgal0 99320 100631 41.96
Cgal0 100593 101115 32.06
Cgal0 101111 102191 53.12
Cgal0 102187 103324 38.02
Cgal0 103304 104738 36.63
Cgal0 104772 105579 39.49
Cgal0 105654 106980 58.94
Cgal0 107002 107590 90.15
Cgal0 107599 109060 45.36
Cgal0 109205 110249 45.14
Cgal0 110235 111063 71.75
Cgal0 111083 112070 58.32
Cgal0 112555 114142 50.9
Cgal0 114213 115113 48.13
Cgal0 115109 115397 53.47
Cgal0 115771 117208 53.25
Cgal0 117204 117726 45.76
Cgal0 117736 119260 43.05
Cgal0 119276 120764 46.47
Cgal0 120778 121507 41.75
Cgal0 121469 122399 63.07
Cgal0 122485 124276 39.57
Cgal0 124393 125677 53.65
Cgal0 125937 127638 55.69
Cgal0 127634 129017 58.72
Cgal0 129066 130902 43.12
Cgal0 130810 131461 48.15
Cgal0 131546 132164 58.7
Cgal0 132173 132791 46.29
Cgal0 132800 133679 56.75
Cgal0 133635 134895 45.15
Cgal0 134925 135111 47.49
Cgal0 135344 135830 82.04
Cgal0 135877 136396 81.75
Cgal0 136411 136936 72.93
Cgal0 137011 137731 62.46
Cgal0 137710 137941 50.17
Cgal0 137921 138404 56.31
Cgal0 138633 138903 77.44
Cgal0 138948 141036 60.91
Cgal0 141168 143913 59.71
Cgal0 144076 145027 35.49
Cgal0 145145 146222 40.24
Cgal0 146225 147329 36.15
Cgal0 147297 149340 37.31
Cgal0 149638 150664 56.18
Cgal0 150676 151042 63.99
Cgal0 151057 151252 57.79
Cgal0 151229 151790 59.78
Cgal0 152222 152720 39.02
Cgal0 152759 153665 50.18
Cgal0 153661 154237 45.19
Cgal0 155206 156247 51.75
Cgal0 156266 159416 49.18
Cgal0 159797 160604 47.43
Cgal0 160600 161986 44.61
Cgal0 161989 164914 52.11
Cgal0 165394 166858 49.76
Cgal0 167141 168029 69.0
Cgal0 168037 169204 52.1
Cgal0 169274 170132 50.08
Cgal0 170150 170867 75.18
Cgal0 170903 172097 50.99
Cgal0 172162 173989 53.09
Cgal0 174001 175375 57.9
Cgal0 175815 177099 53.97
Cgal0 177272 178958 40.84
Cgal0 179459 181283 39.82
Cgal0 181294 181432 0.0
Cgal0 181628 182171 37.95
Cgal0 182195 183017 37.3
Cgal0 183891 184716 0.0
Cgal0 185174 187268 44.82
Cgal0 187381 192043 48.16
Cgal0 192147 193098 44.75
Cgal0 193116 193299 59.71
Cgal0 193316 193778 41.13
Cgal0 194067 195600 64.03
Cgal0 195610 196612 51.86
Cgal0 196608 199491 34.97
Cgal0 199431 200784 49.31
Cgal0 200964 201186 61.43
Cgal0 201186 202047 41.17
Cgal0 202101 202626 47.68
Cgal0 202646 202895 64.01
Cgal0 202912 203251 56.39
Cgal0 203270 203837 42.34
Cgal0 203840 204398 48.79
Cgal0 204873 206307 44.61
Cgal0 206301 206907 49.64
Cgal0 207165 210186 54.57
Cgal0 210255 210708 39.52
Cgal0 210851 211307 40.92
Cgal0 212072 212345 45.16
Cgal0 212449 214222 44.47
Cgal0 214472 216956 53.32
Cgal0 216958 218770 47.61
Cgal0 218776 219256 57.97
Cgal0 219781 220294 34.21
Cgal0 220339 220645 63.83
Cgal0 220667 220805 89.73
Cgal0 221329 221653 40.73
Cgal0 221594 222647 32.43
Cgal0 223035 224466 56.73
Cgal0 224477 226058 57.72
Cgal0 226275 226776 32.43
Cgal0 226867 227644 48.96
Cgal0 227592 229839 50.33
Cgal0 229788 230877 53.37
Cgal0 230899 232528 39.65
Cgal0 232545 233310 67.9
Cgal0 233405 234386 54.47
Cgal0 234382 235432 44.21
Cgal0 235600 236251 60.38
Cgal0 236308 236758 45.19
Cgal0 236760 238011 61.51
Cgal0 238026 238386 47.73
Cgal0 238443 239082 37.18
Cgal0 239078 240737 42.36
Cgal0 240823 241888 58.32
Cgal0 241869 242898 49.96
Cgal0 242908 243241 41.22
Cgal0 243315 244104 53.34
Cgal0 244100 244427 37.69
Cgal0 244525 244951 54.71
Cgal0 244995 247440 43.55
Cgal0 247443 248523 39.49
Cgal0 248506 249589 54.78
Cgal0 249608 250319 41.34
Cgal0 250308 251577 41.49
Cgal0 251581 252628 51.25
Cgal0 252646 253993 41.72
Cgal0 254355 255873 50.53
Cgal0 256105 256978 47.9
Cgal0 257012 257234 58.73
Cgal0 257292 257865 60.11
Cgal0 258051 258918 65.0
Cgal0 258911 260909 58.95
Cgal0 261171 263802 53.48
Cgal0 263771 267029 50.53
Cgal0 267038 268040 44.96
Cgal0 268012 269386 58.58
Cgal0 269382 270687 36.34
Cgal0 270618 273168 48.91
Cgal0 273531 273888 57.35
Cgal0 274036 275281 45.67
Cgal0 275340 275691 47.82
Cgal0 275811 277107 64.37
Cgal0 283285 285682 52.17
Cgal0 285685 286477 54.14
Cgal0 286495 287137 44.18
Cgal0 287142 287595 52.13
Cgal0 287747 287900 0.0
Cgal0 287860 288496 33.44
Cgal0 288730 290092 52.44
Cgal0 290865 292233 56.5
Cgal0 292252 292720 45.95
Cgal0 292739 293978 55.35
Cgal0 294073 295177 44.98
Cgal0 295220 296501 56.73
Cgal0 296539 297286 43.55
Cgal0 297307 299281 43.72
Cgal0 299282 300422 55.19
Cgal0 300461 301034 36.74
Cgal0 301007 301553 48.06
Cgal0 301560 302277 52.14
Cgal0 302432 303116 61.23
Cgal0 303070 304228 40.4
Cgal0 304224 305043 48.26
Cgal0 305144 306170 54.55
Cgal0 306184 306718 65.52
Cgal0 306714 308031 77.63
Cgal0 308011 308371 50.53
Cgal0 308390 309776 47.73
Cgal0 309772 310777 57.39
Cgal0 310902 311937 69.81
Cgal0 311933 313100 63.6
Cgal0 313118 315371 50.68
Cgal0 315472 317281 65.32
Cgal0 317277 318378 83.28
Cgal0 318382 321889 55.13
Cgal0 322178 323498 31.38
Cgal0 323677 324289 72.26
Cgal0 324298 325564 69.98
Cgal0 325595 326828 46.36
Cgal0 326934 328347 49.87
Cgal0 328418 328958 64.36
Cgal0 329013 331920 60.0
Cgal0 332094 333420 71.15
Cgal0 333485 334385 51.31
Cgal0 334548 335880 50.5
Cgal0 335869 336523 52.81
Cgal0 336650 337880 48.53
Cgal0 337915 341503 45.34
Cgal0 341530 341992 38.99
Cgal0 342254 343646 45.33
Cgal0 343642 344593 55.15
Cgal0 344782 345763 55.61
Cgal0 345762 346596 37.72
Cgal0 346743 347433 46.56
Cgal0 347447 348359 53.67
Cgal0 348368 348653 63.69
Cgal0 348659 349532 43.68
Cgal0 349628 350069 68.78
Cgal0 350162 351167 64.16
Cgal0 351170 351725 48.57
Cgal0 351709 352138 56.82
Cgal0 352142 352523 45.57
Cgal0 352542 353718 41.78
Cgal0 353730 355224 49.46
Cgal0 355210 357481 46.75
Cgal0 357481 358801 40.15
Cgal0 358922 360002 38.1
Cgal0 359998 361729 41.17
Cgal0 361953 362646 44.49
Cgal0 362673 363039 58.45
Cgal0 363079 364531 66.18
Cgal0 364557 365853 69.83
Cgal0 365913 366816 49.52
Cgal0 366993 368901 60.1
Cgal0 368934 369699 50.24
Cgal0 369702 370455 43.44
Cgal0 370458 371016 66.22
Cgal0 371023 372073 57.12
Cgal0 372069 374037 64.0
Cgal0 374177 375449 64.12
Cgal0 375670 377578 36.79
Cgal0 377574 379377 60.38
Cgal0 379539 382428 41.63
Cgal0 382424 383210 57.08
Cgal0 383220 385095 63.47
Cgal0 385098 385989 45.02
Cgal0 386071 386869 47.86
Cgal0 387011 389159 41.91
Cgal0 389280 389979 49.12
Cgal0 389975 390383 44.54
Cgal0 390385 391105 42.21
Cgal0 391121 392408 43.66
Cgal0 392418 392994 46.55
Cgal0 392983 393598 61.79
Cgal0 393695 394094 51.03
Cgal0 394090 394681 59.14
Cgal0 394900 396535 51.48
Cgal0 396619 397858 48.16
Cgal0 398063 398684 51.98
Cgal0 398666 398900 72.87
Cgal0 398896 399586 59.19
Cgal0 399670 401584 53.07
Cgal0 401590 402865 38.98
Cgal0 402867 403665 41.08
Cgal0 404124 406701 54.66
Cgal0 406703 407687 50.01
Cgal0 407692 407962 47.65
Cgal0 408026 409454 49.35
Cgal0 409450 410038 44.95
Cgal0 410028 411318 49.37
Cgal0 411698 412748 71.01
Cgal0 412853 413579 68.57
Cgal0 413535 414036 38.72
Cgal0 414032 415376 42.93
Cgal0 415372 415771 59.2
Cgal0 415773 417480 69.07
Cgal0 417583 418789 35.74
Cgal0 419065 419362 45.63
Cgal0 419393 420185 34.73
Cgal0 420198 421737 37.64
Cgal0 421726 423553 48.6
Cgal0 423751 424408 46.63
Cgal0 424504 425116 45.9
Cgal0 425126 426008 48.78
Cgal0 426112 426367 64.03
Cgal0 426450 428037 64.99
Cgal0 428330 429323 56.63
Cgal0 429348 430749 47.56
Cgal0 430770 431205 70.36
Cgal0 431317 433474 44.72
Cgal0 433618 434830 45.15
Cgal0 434889 435978 42.39
Cgal0 435916 439042 37.09
Cgal0 439028 442082 52.53
Cgal0 442173 443772 43.48
Cgal0 443801 444776 53.77
Cgal0 444991 445621 62.01
Cgal0 445690 446566 57.71
Cgal0 446627 448271 40.79
Cgal0 448374 449640 43.41
Cgal0 449748 451626 47.64
Cgal0 451811 454439 50.82
Cgal0 454640 457130 55.78
Cgal0 457211 457388 53.17
Cgal0 457384 458107 62.05
Cgal0 458113 458599 61.81
Cgal0 458595 459405 57.04
Cgal0 459759 459996 77.0
Cgal0 460101 461073 47.63
Cgal0 461195 461510 44.73
Cgal0 461514 461805 61.66
Cgal0 461913 463359 60.39
Cgal0 463362 465168 66.61
Cgal0 465648 466668 37.85
Cgal0 467001 467400 35.4
Cgal0 467419 469867 46.82
Cgal0 469913 470165 48.86
Cgal0 470186 470447 74.51
Cgal0 470465 470915 51.12
Cgal0 470950 471625 71.29
Cgal0 471626 472955 74.47
Cgal0 472972 473491 57.14
Cgal0 473477 474320 57.5
Cgal0 474332 475448 36.8
Cgal0 475463 476966 35.14
Cgal0 476962 479680 40.25
Cgal0 480008 481079 40.06
Cgal0 481062 481581 42.11
Cgal0 481964 482507 52.22
Cgal0 482508 483243 51.09
Cgal0 483255 484104 50.7
Cgal0 484100 485012 58.28
Cgal0 485369 486557 61.47
Cgal0 487093 490381 48.15
Cgal0 490443 491439 42.08
Cgal0 491744 493199 66.5
Cgal0 493203 493977 56.04
Cgal0 493970 495248 33.51
Cgal0 495231 496476 52.16
Cgal0 496487 497228 53.83
Cgal0 497231 497393 0.0
Cgal0 497416 498073 62.58
Cgal0 498312 499146 48.63
Cgal0 499164 500160 48.19
Cgal0 500152 501112 51.29
Cgal0 501165 501840 54.61
Cgal0 501847 503128 56.22
Cgal0 503164 504400 52.89
Cgal0 504686 505808 37.96
Cgal0 505834 506983 36.61
Cgal0 507102 508269 52.36
Cgal0 508317 509415 43.67
Cgal0 509435 509783 53.45
Cgal0 509865 511161 38.98
Cgal0 511260 511662 44.44
Cgal0 511670 512096 44.49
Cgal0 512082 512682 38.94
Cgal0 512698 513652 35.92
Cgal0 513802 514687 40.61
Cgal0 514683 518406 56.19
Cgal0 518431 519799 57.12
Cgal0 519996 520191 50.69
Cgal0 520252 521545 47.63
Cgal0 521519 523274 60.96
Cgal0 523340 524105 40.09
Cgal0 524101 524587 52.93
Cgal0 524566 524875 51.11
Cgal0 525459 526176 64.77
Cgal0 526154 526613 41.17
Cgal0 526615 527365 58.36
Cgal0 527469 527940 79.62
Cgal0 527947 529570 36.98
Cgal0 529599 530442 52.06
Cgal0 530456 530921 57.21
Cgal0 530930 531767 55.93
Cgal0 532078 533035 44.03
Cgal0 533330 533990 54.05
Cgal0 534006 534684 51.56
Cgal0 534699 535035 55.37
Cgal0 535059 535962 69.16
Cgal0 535968 536235 75.29
Cgal0 536247 536583 62.14
Cgal0 536591 537260 68.52
Cgal0 537289 537706 74.72
Cgal0 537709 537928 72.58
Cgal0 537920 538172 61.43
Cgal0 538189 538558 74.99
Cgal0 538573 538912 47.46
Cgal0 538913 539453 66.21
Cgal0 539478 539874 58.53
Cgal0 539905 540457 59.21
Cgal0 540486 540858 55.46
Cgal0 540870 541374 64.57
Cgal0 541366 541801 50.04
Cgal0 541823 543197 63.84
Cgal0 543252 543621 72.03
Cgal0 543641 544040 73.5
Cgal0 544062 545193 58.66
Cgal0 545199 545628 63.68
Cgal0 545669 546677 67.22
Cgal0 546687 547512 66.76
Cgal0 547898 548621 55.65
Cgal0 548739 549225 49.09
Cgal0 549235 549844 41.99
Cgal0 549920 550352 63.43
Cgal0 550358 551066 42.96
Cgal0 551043 552888 64.14
Cgal0 553301 554720 52.16
Cgal0 555196 555706 47.2
Cgal0 555724 555907 0.0
Cgal0 555939 557565 72.45
Cgal0 557663 557975 0.0
Cgal0 558090 559101 38.68
Cgal0 559126 561742 49.92
Cgal0 561735 562344 44.14
Cgal0 562340 563735 74.13
Cgal0 563953 564211 47.64
Cgal0 564268 564889 37.39
Cgal0 564988 566311 47.84
Cgal0 566373 567117 52.4
Cgal0 567113 567701 41.88
Cgal0 567906 568629 39.75
Cgal0 568603 569590 39.22
Cgal0 569668 570676 50.75
Cgal0 570709 571063 52.56
Cgal0 571411 571564 63.83
Cgal0 572226 574332 48.64
Cgal0 574313 575795 50.5
Cgal0 575802 577536 46.75
Cgal0 577532 578066 42.83
Cgal0 578055 579027 44.03
Cgal0 579023 581405 41.53
Cgal0 581506 582592 59.56
Cgal0 582515 582833 51.78
Cgal0 582813 583608 53.9
Cgal0 583893 584487 63.92
Cgal0 584487 585180 33.57
Cgal0 585185 585749 42.93
Cgal0 585699 586383 59.57
Cgal0 586668 587829 48.03
Cgal0 587955 590955 36.0
Cgal0 590959 592021 35.98
Cgal0 591998 592328 71.44
Cgal0 592559 593246 45.06
Cgal0 593367 594066 38.1
Cgal0 594008 594815 46.45
Cgal0 594811 595450 42.77
Cgal0 595439 596411 41.23
Cgal0 596492 596756 68.98
Cgal0 597130 598120 61.45
Cgal0 598119 598632 58.29
Cgal0 598661 599180 47.97
Cgal0 599195 599912 56.69
Cgal0 599987 602636 45.5
Cgal0 602855 604187 61.22
Cgal0 604181 605873 54.92
Cgal0 605882 606530 40.59
Cgal0 606526 607177 49.74
Cgal0 607173 608088 38.37
Cgal0 608090 608843 49.24
Cgal0 609382 610423 46.16
Cgal0 610591 614800 44.45
Cgal0 615214 616351 35.92
Cgal0 616996 617542 65.43
Cgal0 617779 619318 59.13
Cgal0 619319 619520 49.39
Cgal0 619927 620194 68.78
Cgal0 620360 622019 48.11
Cgal0 622200 622665 47.05
Cgal0 622738 624670 49.4
Cgal0 624803 625067 48.37
Cgal0 625172 626096 47.57
Cgal0 626294 626666 86.09
Cgal0 626713 627187 68.02
Cgal0 627223 629308 69.93
Cgal0 629314 629632 78.74
Cgal0 629655 630708 41.84
Cgal0 630704 631211 53.47
Cgal0 631504 631894 46.81
Cgal0 632242 632563 52.53
Cgal0 632606 632855 72.48
Cgal0 632954 633959 57.46
Cgal0 633856 634735 53.5
Cgal0 634731 635451 52.01
Cgal0 635447 636287 42.46
Cgal0 638652 639477 42.44
Cgal0 639524 640628 46.54
Cgal0 640631 641018 39.8
Cgal0 641188 641974 31.2
Cgal0 641977 642622 67.13
Cgal0 643165 643483 63.04
Cgal0 643743 644103 54.39
Cgal0 644664 645414 42.78
Cgal0 645442 646558 41.57
Cgal0 646561 647776 51.17
Cgal0 647768 649007 44.99
Cgal0 649014 649341 38.22
Cgal0 649350 649923 77.17
Cgal0 650486 651500 60.08
Cgal0 651496 652312 41.7
Cgal0 652312 654295 49.09
Cgal0 654427 654928 72.93
Cgal0 655317 655794 49.56
Cgal0 655823 657326 49.67
Cgal0 657467 658031 64.23
Cgal0 658168 659128 54.9
Cgal0 659260 660496 43.59
Cgal0 660542 661835 40.34
Cgal0 661900 663022 43.96
Cgal0 663011 663458 65.07
Cgal0 663609 666333 50.11
Cgal0 666329 667424 51.3
Cgal0 667426 668170 42.64
Cgal0 668181 669993 53.08
Cgal0 670197 671160 54.84
Cgal0 671192 671297 0.0
Cgal0 671403 672405 34.65
Cgal0 672437 672710 70.89
Cgal0 672989 674744 59.01
Cgal0 674818 675589 66.46
Cgal0 675585 675849 41.25
Cgal0 675995 677234 50.76
Cgal0 677247 678693 61.42
Cgal0 678769 680644 70.86
Cgal0 680764 682372 68.82
Cgal0 682577 683081 59.85
Cgal0 683554 684517 41.93
Cgal0 684509 685289 54.62
Cgal0 685292 686642 46.11
Cgal0 686638 687616 46.18
Cgal0 687662 688802 51.73
Cgal0 688814 690683 46.52
Cgal0 690633 691614 49.8
Cgal0 691688 692801 42.4
Cgal0 692800 693901 54.95
Cgal0 694112 694565 56.84
Cgal0 694548 695397 38.95
Cgal0 695465 696326 52.75
Cgal0 696316 696832 49.67
Cgal0 697050 697344 57.99
Cgal0 697692 699435 52.41
Cgal0 699436 699919 58.53
Cgal0 699915 700980 38.34
Cgal0 701083 702823 48.34
Cgal0 702853 703123 59.91
Cgal0 703279 704869 44.15
Cgal0 704985 705426 40.71
Cgal0 705442 706642 36.14
Cgal0 706669 708796 69.84
Cgal0 708795 709878 56.02
Cgal0 710169 711261 62.32
Cgal0 711238 712150 38.77
Cgal0 712133 712841 54.54
Cgal0 712881 713244 48.85
Cgal0 713250 715908 53.65
Cgal0 715864 717169 61.94
Cgal0 717260 719006 69.96
Cgal0 719173 720109 65.18
Cgal0 720100 720472 48.68
Cgal0 720478 720925 47.46
Cgal0 721007 721895 42.28
Cgal0 721987 724357 48.57
Cgal0 724429 725812 54.52
Cgal0 725829 726180 33.95
Cgal0 726417 728862 53.36
Cgal0 728896 730186 54.18
Cgal0 730189 731176 69.26
Cgal0 731168 732197 55.42
Cgal0 732337 733372 46.64
Cgal0 733361 734456 49.5
Cgal0 734483 735020 44.58
Cgal0 735104 737471 42.62
Cgal0 737617 738220 50.12
Cgal0 738344 739340 56.36
Cgal0 739350 740277 47.33
Cgal0 740276 741026 55.63
Cgal0 741130 741370 63.71
Cgal0 741449 741866 57.22
Cgal0 741877 744646 55.82
Cgal0 744735 745281 45.51
Cgal0 745319 745937 39.15
Cgal0 746014 747502 42.59
Cgal0 747498 748722 53.44
Cgal0 748821 749949 50.31
Cgal0 750128 752243 33.05
Cgal0 752223 753696 58.34
Cgal0 753915 755232 40.94
Cgal0 755308 756718 66.68
Cgal0 756733 757783 66.77
Cgal0 757969 759700 32.3
Cgal0 760081 760549 45.55
Cgal0 760731 761082 41.44
Cgal0 761089 763507 64.97
Cgal0 763524 766008 66.01
Cgal0 766036 766663 46.56
Cgal0 766646 767504 34.04
Cgal0 767500 768217 51.23
Cgal0 768431 769304 37.51
Cgal0 769300 770272 39.71
Cgal0 770268 771261 38.78
Cgal0 771392 772451 33.92
Cgal0 773263 774169 41.63
Cgal0 774170 774749 54.78
Cgal0 776111 776969 41.55
Cgal0 777032 777776 63.27
Cgal0 777898 778393 44.46
Cgal0 778739 779564 46.32
Cgal0 779560 780415 43.91
Cgal0 780417 781227 46.29
Cgal0 781256 782636 55.98
Cgal0 782735 782894 69.35
Cgal0 782940 784452 47.49
Cgal0 784454 785126 50.98
Cgal0 785106 785358 0.0
Cgal0 785389 785839 57.9
Cgal0 785852 786254 63.82
Cgal0 786576 787416 45.38
Cgal0 787440 788073 44.21
Cgal0 788220 789453 40.78
Cgal0 789494 789899 48.55
Cgal0 789946 790888 32.28
Cgal0 790955 791732 43.92
Cgal0 791756 793301 57.64
Cgal0 793510 795094 34.32
Cgal0 795039 796134 52.48
Cgal0 796437 797088 51.68
Cgal0 797084 797771 44.12
Cgal0 797798 798533 45.29
Cgal0 798646 802069 63.73
Cgal0 802068 803352 33.96
Cgal0 803420 804230 51.14
Cgal0 804376 805357 31.86
Cgal0 805704 806400 55.41
Cgal0 806386 806944 56.87
Cgal0 806975 807473 50.97
Cgal0 807472 808828 65.44
Cgal0 809049 809370 0.0
Cgal0 809438 818801 47.9
Cgal0 819028 819778 40.59
Cgal0 820010 820970 47.85
Cgal0 821374 821818 44.85
Cgal0 822133 822820 49.96
Cgal0 822954 824073 52.06
Cgal0 824184 824595 72.55
Cgal0 824587 825286 66.34
Cgal0 825495 826728 47.45
Cgal0 826684 827446 37.43
Cgal0 827442 828147 41.65
Cgal0 828394 828550 0.0
Cgal0 828916 829609 33.36
Cgal0 829782 830547 49.25
Cgal0 830522 832136 63.58
Cgal0 832128 832587 43.35
Cgal0 832756 834124 54.43
Cgal0 834407 836006 34.32
Cgal0 836198 837170 47.09
Cgal0 837200 838049 46.12
Cgal0 838041 838899 58.69
Cgal0 838895 839669 69.31
Cgal0 839923 840697 73.69
Cgal0 840683 842096 57.8
Cgal0 842184 843840 45.92
Cgal0 843950 844766 35.21
Cgal0 844775 846395 45.92
Cgal0 846993 848307 39.44
Cgal0 848303 850763 61.82
Cgal0 850993 851950 57.88
Cgal0 852079 853609 69.87
Cgal0 853661 857957 33.39
Cgal0 858070 860053 50.43
Cgal0 860060 861914 52.53
Cgal0 862355 862877 41.09
Cgal0 863131 863437 43.53
Cgal0 863447 863834 38.55
Cgal0 863901 865389 42.0
Cgal0 865811 866054 83.75
Cgal0 867588 872865 45.41
Cgal0 873049 875848 53.68
Cgal0 876072 876378 73.82
Cgal0 876938 878336 54.85
Cgal0 878348 878843 40.72
Cgal0 878849 879224 64.51
Cgal0 879254 879713 60.08
Cgal0 879931 880531 43.31
Cgal0 880546 881374 50.42
Cgal0 881361 882165 47.62
Cgal0 882409 883510 37.8
Cgal0 883513 884764 45.57
Cgal0 884777 885941 47.66
Cgal0 885966 886956 44.95
Cgal0 887378 888146 51.89
Cgal0 888439 889543 42.81
Cgal0 890046 890718 38.49
Cgal0 890950 892441 58.73
Cgal0 892460 893039 70.62
Cgal0 893007 893793 41.25
Cgal0 893944 894928 65.84
Cgal0 894936 895638 42.0
Cgal0 895615 896398 42.69
Cgal0 896370 897474 59.31
Cgal0 897451 897661 57.55
Cgal0 897678 899541 63.32
Cgal0 899601 899952 79.75
Cgal0 900067 901204 42.05
Cgal0 901205 901655 40.43
Cgal0 901695 901857 68.95
Cgal0 901873 902035 79.35
Cgal0 902159 902819 50.82
Cgal0 903036 903618 49.81
Cgal0 903617 905636 46.94
Cgal0 905793 907761 71.96
Cgal0 907791 908358 47.02
Cgal0 908354 909518 50.07
Cgal0 909641 911372 69.96
Cgal0 911626 912802 32.63
Cgal0 912910 913840 44.88
Cgal0 913844 914135 40.33
Cgal0 914121 915159 54.48
Cgal0 915155 916352 46.58
Cgal0 916919 918158 47.22
Cgal0 918154 920347 56.72
Cgal0 920379 921249 59.44
Cgal0 921245 921578 56.46
Cgal0 921622 923242 57.57
Cgal0 923230 923470 52.99
Cgal0 923766 925107 47.53
Cgal0 925172 925367 59.48
Cgal0 925488 926217 58.33
Cgal0 926336 929378 38.85
Cgal0 929499 930255 53.22
Cgal0 930418 931120 46.61
Cgal0 931170 931995 44.76
Cgal0 931998 933351 53.63
Cgal0 933490 934756 54.77
Cgal0 934752 935739 38.06
Cgal0 935751 937944 55.02
Cgal0 938058 939849 49.55
Cgal0 939991 941968 32.44
Cgal0 942156 944964 39.54
Cgal0 945827 947795 39.54
Cgal0 947984 950954 50.0
Cgal0 950979 953910 49.03
Cgal0 954191 958073 47.76
Cgal0 958292 958568 60.37
Cgal0 958747 959068 39.93
Cgal0 959086 960565 57.68
Cgal0 960561 962025 59.97
Cgal0 962144 963233 39.66
Cgal0 963456 963912 41.84
Cgal0 964011 964965 38.76
Cgal0 965158 966055 53.79
Cgal0 966295 966727 54.57
Cgal0 966984 968304 33.84
Cgal0 968732 970088 36.59
Cgal0 971520 973626 45.47
Cgal0 973730 974804 38.45
Cgal0 974812 975646 44.96
Cgal0 975829 976000 78.57
Cgal0 976028 977960 55.07
Cgal0 977956 978214 46.29
Cgal0 978235 978463 47.37
Cgal0 978482 980135 45.49
Cgal0 980272 981040 47.71
Cgal0 981215 981527 53.98
Cgal0 981711 983799 41.73
Cgal0 983808 985512 38.5
Cgal0 985493 986084 44.92
Cgal0 986120 987716 46.54
Cgal0 987756 988695 53.5
Cgal0 988736 989654 68.33
Cgal0 989744 990377 45.7
Cgal0 990512 992972 70.21
Cgal0 993364 994006 66.84
Cgal0 994204 994381 74.47
Cgal0 994404 995577 63.92
Cgal0 995623 997660 60.65
Cgal0 997656 998751 36.43
Cgal0 998839 1000279 48.88
Cgal0 1000311 1001031 40.44
Cgal0 1001003 1001390 49.61
Cgal0 1001390 1003094 40.49
Cgal0 1003090 1003381 50.62
Cgal0 1003384 1004701 49.84
Cgal0 1005033 1005810 42.23
Cgal0 1005787 1007149 63.43
Cgal0 1007114 1007819 49.92
Cgal0 1007925 1008387 59.11
Cgal0 1008489 1010298 46.69
Cgal0 1010438 1011053 56.59
Cgal0 1011127 1011967 64.87
Cgal0 1012097 1012541 62.64
Cgal0 1012542 1013019 47.59
Cgal0 1013023 1013701 48.88
Cgal0 1013802 1014906 45.16
Cgal0 1015072 1016737 32.24
Cgal0 1016760 1017375 40.2
Cgal0 1017384 1017954 41.45
Cgal0 1018037 1019120 54.21
Cgal0 1019100 1021644 55.22
Cgal0 1022009 1022732 38.46
Cgal0 1022728 1024150 51.96
Cgal0 1024266 1026342 37.67
Cgal0 1026342 1026684 45.2
Cgal0 1026799 1027099 45.32
Cgal0 1027113 1027452 50.8
Cgal0 1027458 1028247 62.97
Cgal0 1028249 1028891 67.18
Cgal0 1028877 1029840 48.4
Cgal0 1029840 1031352 60.69
Cgal0 1031433 1032036 36.98
Cgal0 1031998 1032577 55.92
Cgal0 1032592 1033945 60.26
Cgal0 1034107 1034539 60.81
Cgal0 1034542 1035094 77.48
Cgal0 1035264 1036164 50.78
Cgal0 1036160 1036448 46.78
Cgal0 1036434 1038381 49.43
Cgal0 1038677 1040129 46.18
Cgal0 1040085 1040829 44.97
Cgal0 1041179 1041482 63.16
Cgal0 1041607 1042789 63.95
Cgal0 1042885 1043860 64.12
Cgal0 1043825 1045784 45.26
Cgal0 1045749 1046421 43.18
Cgal0 1046404 1047172 46.48
Cgal0 1047168 1047858 59.94
Cgal0 1047866 1048343 41.59
Cgal0 1048379 1048877 55.96
Cgal0 1049120 1050017 38.9
Cgal0 1049997 1050903 63.33
Cgal0 1051472 1051817 83.75
