Cgal0 696 1740 7
Cgal0 1733 3104 43
Cgal0 3912 4215 29
Cgal0 4255 5176 29
Cgal0 7552 8641 3
Cgal0 8814 9570 32
Cgal0 9664 11482 32
Cgal0 11605 11914 33
Cgal0 11959 13594 73
Cgal0 13733 14528 12
Cgal0 14743 15955 8
Cgal0 16050 16842 19
Cgal0 16985 18011 24
Cgal0 18497 20702 31
Cgal0 20707 22363 34
Cgal0 22362 22662 12
Cgal0 22658 23273 34
Cgal0 23269 23917 32
Cgal0 23967 24333 34
Cgal0 24341 25412 34
Cgal0 25432 25792 33
Cgal0 25782 27126 35
Cgal0 27173 28028 34
Cgal0 27981 29067 34
Cgal0 29383 29701 33
Cgal0 29798 30530 29
Cgal0 30819 32706 30
Cgal0 32745 35883 34
Cgal0 36550 37012 12
Cgal0 37030 38332 32
Cgal0 38653 39388 29
Cgal0 39505 40723 29
Cgal0 40831 41896 31
Cgal0 41892 43236 31
Cgal0 43433 44228 30
Cgal0 44224 45493 30
Cgal0 45616 46996 16
Cgal0 47365 48808 33
Cgal0 49076 54500 48
Cgal0 54501 57306 32
Cgal0 57333 60156 34
Cgal0 60203 60671 29
Cgal0 60651 61077 28
Cgal0 61183 63130 29
Cgal0 63120 63747 29
Cgal0 63731 65048 29
Cgal0 65056 66832 29
Cgal0 66825 67626 29
Cgal0 67684 68311 29
Cgal0 68426 69179 12
Cgal0 69187 69568 29
Cgal0 69624 70608 31
Cgal0 70729 74911 34
Cgal0 74936 78695 34
Cgal0 78849 79242 33
Cgal0 79284 79797 34
Cgal0 79810 80509 34
Cgal0 80528 80954 34
Cgal0 81060 81603 34
Cgal0 81607 81853 29
Cgal0 82017 83202 34
Cgal0 83394 83616 34
Cgal0 83922 84873 12
Cgal0 84875 85325 30
Cgal0 85528 86113 30
Cgal0 86357 86936 9
Cgal0 87099 87447 4
Cgal0 87557 88424 34
Cgal0 88432 89752 35
Cgal0 89739 90741 34
Cgal0 90900 91638 33
Cgal0 91820 92657 9
Cgal0 92637 93276 17
Cgal0 93356 94442 10
Cgal0 94594 95590 21
Cgal0 95565 96738 44
Cgal0 96701 97313 21
Cgal0 97320 98601 21
Cgal0 98582 99257 14
Cgal0 99320 100631 34
Cgal0 100593 101115 35
Cgal0 101111 102191 34
Cgal0 102187 103324 34
Cgal0 103304 104738 30
Cgal0 104772 105579 22
Cgal0 105654 106980 12
Cgal0 107002 107590 12
Cgal0 107599 109060 21
Cgal0 109205 110249 31
Cgal0 110235 111063 8
Cgal0 111083 112070 34
Cgal0 112555 114142 34
Cgal0 114213 115113 34
Cgal0 115109 115397 9
Cgal0 115771 117208 12
Cgal0 117204 117726 19
Cgal0 117736 119260 12
Cgal0 119276 120764 12
Cgal0 120778 121507 26
Cgal0 121469 122399 32
Cgal0 122485 124276 35
Cgal0 124393 125677 25
Cgal0 125937 127638 25
Cgal0 127634 129017 31
Cgal0 129066 130902 27
Cgal0 130810 131461 9
Cgal0 131546 132164 11
Cgal0 132173 132791 31
Cgal0 132800 133679 35
Cgal0 133635 134895 12
Cgal0 134925 135111 28
Cgal0 135344 135830 12
Cgal0 135877 136396 12
Cgal0 136411 136936 12
Cgal0 137011 137731 12
Cgal0 137710 137941 25
Cgal0 137921 138404 34
Cgal0 138633 138903 34
Cgal0 138948 141036 35
Cgal0 141168 143913 36
Cgal0 144076 145027 36
Cgal0 145145 146222 30
Cgal0 146225 147329 32
Cgal0 147297 149340 22
Cgal0 149638 150664 34
Cgal0 150676 151042 34
Cgal0 151057 151252 28
Cgal0 151229 151790 34
Cgal0 152222 152720 34
Cgal0 152759 153665 31
Cgal0 153661 154237 29
Cgal0 155206 156247 33
Cgal0 156266 159416 35
Cgal0 159797 160604 34
Cgal0 160600 161986 29
Cgal0 161989 164914 31
Cgal0 165394 166858 35
Cgal0 167141 168029 31
Cgal0 168037 169204 31
Cgal0 169274 170132 34
Cgal0 170150 170867 12
Cgal0 170903 172097 30
Cgal0 172162 173989 34
Cgal0 174001 175375 34
Cgal0 175815 177099 30
Cgal0 177272 178958 34
Cgal0 179459 181283 2
Cgal0 181294 181432 1
Cgal0 181628 182171 2
Cgal0 182195 183017 6
Cgal0 183891 184716 1
Cgal0 185174 187268 6
Cgal0 187381 192043 12
Cgal0 192147 193098 32
Cgal0 193116 193299 28
Cgal0 193316 193778 29
Cgal0 194067 195600 34
Cgal0 195610 196612 29
Cgal0 196608 199491 33
Cgal0 199431 200784 19
Cgal0 200964 201186 6
Cgal0 201186 202047 32
Cgal0 202101 202626 34
Cgal0 202646 202895 34
Cgal0 202912 203251 34
Cgal0 203270 203837 34
Cgal0 203840 204398 34
Cgal0 204873 206307 31
Cgal0 206301 206907 35
Cgal0 207165 210186 27
Cgal0 210255 210708 7
Cgal0 210851 211307 12
Cgal0 212072 212345 12
Cgal0 212449 214222 34
Cgal0 214472 216956 33
Cgal0 216958 218770 34
Cgal0 218776 219256 28
Cgal0 219781 220294 30
Cgal0 220339 220645 34
Cgal0 220667 220805 27
Cgal0 221329 221653 26
Cgal0 221594 222647 49
Cgal0 223035 224466 34
Cgal0 224477 226058 34
Cgal0 226275 226776 49
Cgal0 226867 227644 12
Cgal0 227592 229839 34
Cgal0 229788 230877 11
Cgal0 230899 232528 39
Cgal0 232545 233310 12
Cgal0 233405 234386 13
Cgal0 234382 235432 33
Cgal0 235600 236251 23
Cgal0 236308 236758 31
Cgal0 236760 238011 34
Cgal0 238026 238386 34
Cgal0 238443 239082 26
Cgal0 239078 240737 31
Cgal0 240823 241888 17
Cgal0 241869 242898 34
Cgal0 242908 243241 28
Cgal0 243315 244104 12
Cgal0 244100 244427 24
Cgal0 244525 244951 23
Cgal0 244995 247440 33
Cgal0 247443 248523 32
Cgal0 248506 249589 32
Cgal0 249608 250319 31
Cgal0 250308 251577 32
Cgal0 251581 252628 32
Cgal0 252646 253993 29
Cgal0 254355 255873 12
Cgal0 256105 256978 16
Cgal0 257012 257234 12
Cgal0 257292 257865 34
Cgal0 258051 258918 30
Cgal0 258911 260909 35
Cgal0 261171 263802 35
Cgal0 263771 267029 35
Cgal0 267038 268040 33
Cgal0 268012 269386 15
Cgal0 269382 270687 33
Cgal0 270618 273168 12
Cgal0 273531 273888 29
Cgal0 274036 275281 30
Cgal0 275340 275691 34
Cgal0 275811 277107 31
Cgal0 283285 285682 34
Cgal0 285685 286477 33
Cgal0 286495 287137 20
Cgal0 287142 287595 24
Cgal0 287747 287900 1
Cgal0 287860 288496 33
Cgal0 288730 290092 26
Cgal0 290865 292233 14
Cgal0 292252 292720 26
Cgal0 292739 293978 29
Cgal0 294073 295177 27
Cgal0 295220 296501 34
Cgal0 296539 297286 24
Cgal0 297307 299281 41
Cgal0 299282 300422 33
Cgal0 300461 301034 34
Cgal0 301007 301553 12
Cgal0 301560 302277 33
Cgal0 302432 303116 30
Cgal0 303070 304228 30
Cgal0 304224 305043 29
Cgal0 305144 306170 12
Cgal0 306184 306718 12
Cgal0 306714 308031 12
Cgal0 308011 308371 11
Cgal0 308390 309776 31
Cgal0 309772 310777 32
Cgal0 310902 311937 12
Cgal0 311933 313100 12
Cgal0 313118 315371 12
Cgal0 315472 317281 30
Cgal0 317277 318378 32
Cgal0 318382 321889 35
Cgal0 322178 323498 33
Cgal0 323677 324289 34
Cgal0 324298 325564 34
Cgal0 325595 326828 33
Cgal0 326934 328347 34
Cgal0 328418 328958 11
Cgal0 329013 331920 35
Cgal0 332094 333420 12
Cgal0 333485 334385 32
Cgal0 334548 335880 34
Cgal0 335869 336523 34
Cgal0 336650 337880 31
Cgal0 337915 341503 32
Cgal0 341530 341992 30
Cgal0 342254 343646 53
Cgal0 343642 344593 35
Cgal0 344782 345763 29
Cgal0 345762 346596 29
Cgal0 346743 347433 31
Cgal0 347447 348359 32
Cgal0 348368 348653 31
Cgal0 348659 349532 32
Cgal0 349628 350069 12
Cgal0 350162 351167 12
Cgal0 351170 351725 12
Cgal0 351709 352138 12
Cgal0 352142 352523 29
Cgal0 352542 353718 34
Cgal0 353730 355224 44
Cgal0 355210 357481 30
Cgal0 357481 358801 29
Cgal0 358922 360002 37
Cgal0 359998 361729 33
Cgal0 361953 362646 29
Cgal0 362673 363039 12
Cgal0 363079 364531 12
Cgal0 364557 365853 12
Cgal0 365913 366816 31
Cgal0 366993 368901 36
Cgal0 368934 369699 51
Cgal0 369702 370455 39
Cgal0 370458 371016 15
Cgal0 371023 372073 35
Cgal0 372069 374037 34
Cgal0 374177 375449 34
Cgal0 375670 377578 24
Cgal0 377574 379377 12
Cgal0 379539 382428 33
Cgal0 382424 383210 33
Cgal0 383220 385095 32
Cgal0 385098 385989 28
Cgal0 386071 386869 35
Cgal0 387011 389159 34
Cgal0 389280 389979 32
Cgal0 389975 390383 33
Cgal0 390385 391105 12
Cgal0 391121 392408 32
Cgal0 392418 392994 34
Cgal0 392983 393598 12
Cgal0 393695 394094 26
Cgal0 394090 394681 34
Cgal0 394900 396535 9
Cgal0 396619 397858 33
Cgal0 398063 398684 36
Cgal0 398666 398900 12
Cgal0 398896 399586 30
Cgal0 399670 401584 33
Cgal0 401590 402865 32
Cgal0 402867 403665 26
Cgal0 404124 406701 36
Cgal0 406703 407687 35
Cgal0 407692 407962 27
Cgal0 408026 409454 12
Cgal0 409450 410038 12
Cgal0 410028 411318 29
Cgal0 411698 412748 34
Cgal0 412853 413579 11
Cgal0 413535 414036 17
Cgal0 414032 415376 31
Cgal0 415372 415771 10
Cgal0 415773 417480 37
Cgal0 417583 418789 29
Cgal0 419065 419362 34
Cgal0 419393 420185 12
Cgal0 420198 421737 32
Cgal0 421726 423553 12
Cgal0 423751 424408 37
Cgal0 424504 425116 34
Cgal0 425126 426008 29
Cgal0 426112 426367 27
Cgal0 426450 428037 29
Cgal0 428330 429323 34
Cgal0 429348 430749 31
Cgal0 430770 431205 13
Cgal0 431317 433474 37
Cgal0 433618 434830 28
Cgal0 434889 435978 29
Cgal0 435916 439042 33
Cgal0 439028 442082 12
Cgal0 442173 443772 35
Cgal0 443801 444776 33
Cgal0 444991 445621 34
Cgal0 445690 446566 31
Cgal0 446627 448271 33
Cgal0 448374 449640 28
Cgal0 449748 451626 11
Cgal0 451811 454439 12
Cgal0 454640 457130 12
Cgal0 457211 457388 32
Cgal0 457384 458107 33
Cgal0 458113 458599 12
Cgal0 458595 459405 35
Cgal0 459759 459996 30
Cgal0 460101 461073 32
Cgal0 461195 461510 12
Cgal0 461514 461805 12
Cgal0 461913 463359 30
Cgal0 463362 465168 30
Cgal0 465648 466668 34
Cgal0 467001 467400 33
Cgal0 467419 469867 30
Cgal0 469913 470165 29
Cgal0 470186 470447 13
Cgal0 470465 470915 29
Cgal0 470950 471625 12
Cgal0 471626 472955 32
Cgal0 472972 473491 29
Cgal0 473477 474320 12
Cgal0 474332 475448 29
Cgal0 475463 476966 37
Cgal0 476962 479680 35
Cgal0 480008 481079 33
Cgal0 481062 481581 33
Cgal0 481964 482507 34
Cgal0 482508 483243 34
Cgal0 483255 484104 34
Cgal0 484100 485012 33
Cgal0 485369 486557 14
Cgal0 487093 490381 29
Cgal0 490443 491439 21
Cgal0 491744 493199 34
Cgal0 493203 493977 34
Cgal0 493970 495248 34
Cgal0 495231 496476 34
Cgal0 496487 497228 13
Cgal0 497231 497393 1
Cgal0 497416 498073 12
Cgal0 498312 499146 32
Cgal0 499164 500160 39
Cgal0 500152 501112 33
Cgal0 501165 501840 29
Cgal0 501847 503128 29
Cgal0 503164 504400 34
Cgal0 504686 505808 10
Cgal0 505834 506983 12
Cgal0 507102 508269 12
Cgal0 508317 509415 31
Cgal0 509435 509783 5
Cgal0 509865 511161 36
Cgal0 511260 511662 28
Cgal0 511670 512096 25
Cgal0 512082 512682 29
Cgal0 512698 513652 33
Cgal0 513802 514687 29
Cgal0 514683 518406 35
Cgal0 518431 519799 35
Cgal0 519996 520191 6
Cgal0 520252 521545 34
Cgal0 521519 523274 34
Cgal0 523340 524105 40
Cgal0 524101 524587 34
Cgal0 524566 524875 35
Cgal0 525459 526176 29
Cgal0 526154 526613 34
Cgal0 526615 527365 30
Cgal0 527469 527940 13
Cgal0 527947 529570 35
Cgal0 529599 530442 34
Cgal0 530456 530921 32
Cgal0 530930 531767 37
Cgal0 532078 533035 12
Cgal0 533330 533990 34
Cgal0 534006 534684 34
Cgal0 534699 535035 34
Cgal0 535059 535962 34
Cgal0 535968 536235 34
Cgal0 536247 536583 34
Cgal0 536591 537260 34
Cgal0 537289 537706 34
Cgal0 537709 537928 12
Cgal0 537920 538172 34
Cgal0 538189 538558 34
Cgal0 538573 538912 34
Cgal0 538913 539453 34
Cgal0 539478 539874 34
Cgal0 539905 540457 34
Cgal0 540486 540858 34
Cgal0 540870 541374 34
Cgal0 541366 541801 34
Cgal0 541823 543197 34
Cgal0 543252 543621 34
Cgal0 543641 544040 33
Cgal0 544062 545193 34
Cgal0 545199 545628 35
Cgal0 545669 546677 34
Cgal0 546687 547512 12
Cgal0 547898 548621 12
Cgal0 548739 549225 34
Cgal0 549235 549844 34
Cgal0 549920 550352 33
Cgal0 550358 551066 33
Cgal0 551043 552888 35
Cgal0 553301 554720 43
Cgal0 555196 555706 30
Cgal0 555724 555907 1
Cgal0 555939 557565 12
Cgal0 557663 557975 1
Cgal0 558090 559101 34
Cgal0 559126 561742 35
Cgal0 561735 562344 34
Cgal0 562340 563735 34
Cgal0 563953 564211 9
Cgal0 564268 564889 18
Cgal0 564988 566311 34
Cgal0 566373 567117 29
Cgal0 567113 567701 35
Cgal0 567906 568629 30
Cgal0 568603 569590 32
Cgal0 569668 570676 30
Cgal0 570709 571063 12
Cgal0 571411 571564 2
Cgal0 572226 574332 27
Cgal0 574313 575795 31
Cgal0 575802 577536 29
Cgal0 577532 578066 18
Cgal0 578055 579027 29
Cgal0 579023 581405 34
Cgal0 581506 582592 12
Cgal0 582515 582833 28
Cgal0 582813 583608 29
Cgal0 583893 584487 11
Cgal0 584487 585180 30
Cgal0 585185 585749 28
Cgal0 585699 586383 9
Cgal0 586668 587829 45
Cgal0 587955 590955 9
Cgal0 590959 592021 34
Cgal0 591998 592328 11
Cgal0 592559 593246 12
Cgal0 593367 594066 29
Cgal0 594008 594815 32
Cgal0 594811 595450 33
Cgal0 595439 596411 33
Cgal0 596492 596756 31
Cgal0 597130 598120 32
Cgal0 598119 598632 30
Cgal0 598661 599180 25
Cgal0 599195 599912 35
Cgal0 599987 602636 12
Cgal0 602855 604187 33
Cgal0 604181 605873 34
Cgal0 605882 606530 28
Cgal0 606526 607177 34
Cgal0 607173 608088 36
Cgal0 608090 608843 35
Cgal0 609382 610423 9
Cgal0 610591 614800 37
Cgal0 615214 616351 22
Cgal0 616996 617542 29
Cgal0 617779 619318 34
Cgal0 619319 619520 9
Cgal0 619927 620194 12
Cgal0 620360 622019 31
Cgal0 622200 622665 11
Cgal0 622738 624670 29
Cgal0 624803 625067 11
Cgal0 625172 626096 7
Cgal0 626294 626666 34
Cgal0 626713 627187 34
Cgal0 627223 629308 36
Cgal0 629314 629632 34
Cgal0 629655 630708 38
Cgal0 630704 631211 36
Cgal0 631504 631894 5
Cgal0 632242 632563 34
Cgal0 632606 632855 34
Cgal0 632954 633959 34
Cgal0 633856 634735 31
Cgal0 634731 635451 31
Cgal0 635447 636287 31
Cgal0 638652 639477 27
Cgal0 639524 640628 35
Cgal0 640631 641018 28
Cgal0 641188 641974 32
Cgal0 641977 642622 13
Cgal0 643165 643483 2
Cgal0 643743 644103 2
Cgal0 644664 645414 34
Cgal0 645442 646558 37
Cgal0 646561 647776 25
Cgal0 647768 649007 27
Cgal0 649014 649341 28
Cgal0 649350 649923 19
Cgal0 650486 651500 35
Cgal0 651496 652312 30
Cgal0 652312 654295 39
Cgal0 654427 654928 31
Cgal0 655317 655794 31
Cgal0 655823 657326 33
Cgal0 657467 658031 12
Cgal0 658168 659128 12
Cgal0 659260 660496 10
Cgal0 660542 661835 11
Cgal0 661900 663022 34
Cgal0 663011 663458 29
Cgal0 663609 666333 30
Cgal0 666329 667424 34
Cgal0 667426 668170 31
Cgal0 668181 669993 33
Cgal0 670197 671160 5
Cgal0 671192 671297 1
Cgal0 671403 672405 14
Cgal0 672437 672710 29
Cgal0 672989 674744 12
Cgal0 674818 675589 14
Cgal0 675585 675849 5
Cgal0 675995 677234 35
Cgal0 677247 678693 34
Cgal0 678769 680644 36
Cgal0 680764 682372 29
Cgal0 682577 683081 30
Cgal0 683554 684517 35
Cgal0 684509 685289 35
Cgal0 685292 686642 32
Cgal0 686638 687616 32
Cgal0 687662 688802 33
Cgal0 688814 690683 32
Cgal0 690633 691614 17
Cgal0 691688 692801 31
Cgal0 692800 693901 35
Cgal0 694112 694565 35
Cgal0 694548 695397 35
Cgal0 695465 696326 35
Cgal0 696316 696832 12
Cgal0 697050 697344 12
Cgal0 697692 699435 12
Cgal0 699436 699919 12
Cgal0 699915 700980 31
Cgal0 701083 702823 18
Cgal0 702853 703123 33
Cgal0 703279 704869 34
Cgal0 704985 705426 29
Cgal0 705442 706642 26
Cgal0 706669 708796 32
Cgal0 708795 709878 32
Cgal0 710169 711261 34
Cgal0 711238 712150 34
Cgal0 712133 712841 32
Cgal0 712881 713244 34
Cgal0 713250 715908 34
Cgal0 715864 717169 34
Cgal0 717260 719006 34
Cgal0 719173 720109 34
Cgal0 720100 720472 35
Cgal0 720478 720925 11
Cgal0 721007 721895 31
Cgal0 721987 724357 31
Cgal0 724429 725812 29
Cgal0 725829 726180 8
Cgal0 726417 728862 33
Cgal0 728896 730186 29
Cgal0 730189 731176 29
Cgal0 731168 732197 29
Cgal0 732337 733372 11
Cgal0 733361 734456 36
Cgal0 734483 735020 29
Cgal0 735104 737471 33
Cgal0 737617 738220 34
Cgal0 738344 739340 34
Cgal0 739350 740277 34
Cgal0 740276 741026 34
Cgal0 741130 741370 34
Cgal0 741449 741866 15
Cgal0 741877 744646 14
Cgal0 744735 745281 12
Cgal0 745319 745937 12
Cgal0 746014 747502 38
Cgal0 747498 748722 30
Cgal0 748821 749949 12
Cgal0 750128 752243 27
Cgal0 752223 753696 31
Cgal0 753915 755232 8
Cgal0 755308 756718 15
Cgal0 756733 757783 30
Cgal0 757969 759700 11
Cgal0 760081 760549 4
Cgal0 760731 761082 30
Cgal0 761089 763507 34
Cgal0 763524 766008 34
Cgal0 766036 766663 34
Cgal0 766646 767504 33
Cgal0 767500 768217 15
Cgal0 768431 769304 34
Cgal0 769300 770272 25
Cgal0 770268 771261 7
Cgal0 771392 772451 10
Cgal0 773263 774169 15
Cgal0 774170 774749 17
Cgal0 776111 776969 34
Cgal0 777032 777776 29
Cgal0 777898 778393 29
Cgal0 778739 779564 12
Cgal0 779560 780415 13
Cgal0 780417 781227 12
Cgal0 781256 782636 28
Cgal0 782735 782894 28
Cgal0 782940 784452 29
Cgal0 784454 785126 35
Cgal0 785106 785358 1
Cgal0 785389 785839 34
Cgal0 785852 786254 34
Cgal0 786576 787416 14
Cgal0 787440 788073 32
Cgal0 788220 789453 8
Cgal0 789494 789899 6
Cgal0 789946 790888 10
Cgal0 790955 791732 32
Cgal0 791756 793301 35
Cgal0 793510 795094 53
Cgal0 795039 796134 34
Cgal0 796437 797088 20
Cgal0 797084 797771 21
Cgal0 797798 798533 8
Cgal0 798646 802069 12
Cgal0 802068 803352 31
Cgal0 803420 804230 29
Cgal0 804376 805357 9
Cgal0 805704 806400 34
Cgal0 806386 806944 31
Cgal0 806975 807473 33
Cgal0 807472 808828 37
Cgal0 809049 809370 1
Cgal0 809438 818801 12
Cgal0 819028 819778 3
Cgal0 820010 820970 8
Cgal0 821374 821818 9
Cgal0 822133 822820 19
Cgal0 822954 824073 36
Cgal0 824184 824595 12
Cgal0 824587 825286 14
Cgal0 825495 826728 16
Cgal0 826684 827446 12
Cgal0 827442 828147 28
Cgal0 828394 828550 1
Cgal0 828916 829609 29
Cgal0 829782 830547 35
Cgal0 830522 832136 34
Cgal0 832128 832587 33
Cgal0 832756 834124 12
Cgal0 834407 836006 53
Cgal0 836198 837170 28
Cgal0 837200 838049 28
Cgal0 838041 838899 14
Cgal0 838895 839669 11
Cgal0 839923 840697 13
Cgal0 840683 842096 21
Cgal0 842184 843840 45
Cgal0 843950 844766 31
Cgal0 844775 846395 45
Cgal0 846993 848307 35
Cgal0 848303 850763 34
Cgal0 850993 851950 12
Cgal0 852079 853609 12
Cgal0 853661 857957 12
Cgal0 858070 860053 35
Cgal0 860060 861914 32
Cgal0 862355 862877 5
Cgal0 863131 863437 8
Cgal0 863447 863834 7
Cgal0 863901 865389 29
Cgal0 865811 866054 2
Cgal0 867588 872865 17
Cgal0 873049 875848 11
Cgal0 876072 876378 12
Cgal0 876938 878336 28
Cgal0 878348 878843 33
Cgal0 878849 879224 35
Cgal0 879254 879713 33
Cgal0 879931 880531 27
Cgal0 880546 881374 29
Cgal0 881361 882165 32
Cgal0 882409 883510 35
Cgal0 883513 884764 41
Cgal0 884777 885941 25
Cgal0 885966 886956 35
Cgal0 887378 888146 34
Cgal0 888439 889543 9
Cgal0 890046 890718 21
Cgal0 890950 892441 35
Cgal0 892460 893039 29
Cgal0 893007 893793 33
Cgal0 893944 894928 30
Cgal0 894936 895638 34
Cgal0 895615 896398 16
Cgal0 896370 897474 15
Cgal0 897451 897661 9
Cgal0 897678 899541 29
Cgal0 899601 899952 12
Cgal0 900067 901204 34
Cgal0 901205 901655 35
Cgal0 901695 901857 34
Cgal0 901873 902035 9
Cgal0 902159 902819 32
Cgal0 903036 903618 22
Cgal0 903617 905636 34
Cgal0 905793 907761 34
Cgal0 907791 908358 34
Cgal0 908354 909518 29
Cgal0 909641 911372 13
Cgal0 911626 912802 9
Cgal0 912910 913840 12
Cgal0 913844 914135 32
Cgal0 914121 915159 14
Cgal0 915155 916352 33
Cgal0 916919 918158 25
Cgal0 918154 920347 31
Cgal0 920379 921249 30
Cgal0 921245 921578 34
Cgal0 921622 923242 12
Cgal0 923230 923470 5
Cgal0 923766 925107 23
Cgal0 925172 925367 11
Cgal0 925488 926217 16
Cgal0 926336 929378 9
Cgal0 929499 930255 15
Cgal0 930418 931120 12
Cgal0 931170 931995 35
Cgal0 931998 933351 36
Cgal0 933490 934756 29
Cgal0 934752 935739 31
Cgal0 935751 937944 34
Cgal0 938058 939849 12
Cgal0 939991 941968 8
Cgal0 942156 944964 23
Cgal0 945827 947795 23
Cgal0 947984 950954 12
Cgal0 950979 953910 12
Cgal0 954191 958073 10
Cgal0 958292 958568 12
Cgal0 958747 959068 34
Cgal0 959086 960565 33
Cgal0 960561 962025 34
Cgal0 962144 963233 12
Cgal0 963456 963912 12
Cgal0 964011 964965 23
Cgal0 965158 966055 33
Cgal0 966295 966727 31
Cgal0 966984 968304 9
Cgal0 968732 970088 5
Cgal0 971520 973626 34
Cgal0 973730 974804 29
Cgal0 974812 975646 35
Cgal0 975829 976000 2
Cgal0 976028 977960 34
Cgal0 977956 978214 11
Cgal0 978235 978463 33
Cgal0 978482 980135 34
Cgal0 980272 981040 34
Cgal0 981215 981527 32
Cgal0 981711 983799 30
Cgal0 983808 985512 30
Cgal0 985493 986084 35
Cgal0 986120 987716 58
Cgal0 987756 988695 34
Cgal0 988736 989654 30
Cgal0 989744 990377 6
Cgal0 990512 992972 31
Cgal0 993364 994006 12
Cgal0 994204 994381 32
Cgal0 994404 995577 34
Cgal0 995623 997660 24
Cgal0 997656 998751 9
Cgal0 998839 1000279 11
Cgal0 1000311 1001031 26
Cgal0 1001003 1001390 32
Cgal0 1001390 1003094 35
Cgal0 1003090 1003381 30
Cgal0 1003384 1004701 33
Cgal0 1005033 1005810 34
Cgal0 1005787 1007149 29
Cgal0 1007114 1007819 34
Cgal0 1007925 1008387 12
Cgal0 1008489 1010298 33
Cgal0 1010438 1011053 34
Cgal0 1011127 1011967 34
Cgal0 1012097 1012541 29
Cgal0 1012542 1013019 35
Cgal0 1013023 1013701 32
Cgal0 1013802 1014906 12
Cgal0 1015072 1016737 12
Cgal0 1016760 1017375 8
Cgal0 1017384 1017954 8
Cgal0 1018037 1019120 35
Cgal0 1019100 1021644 68
Cgal0 1022009 1022732 34
Cgal0 1022728 1024150 13
Cgal0 1024266 1026342 31
Cgal0 1026342 1026684 34
Cgal0 1026799 1027099 8
Cgal0 1027113 1027452 7
Cgal0 1027458 1028247 31
Cgal0 1028249 1028891 32
Cgal0 1028877 1029840 31
Cgal0 1029840 1031352 31
Cgal0 1031433 1032036 10
Cgal0 1031998 1032577 15
Cgal0 1032592 1033945 34
Cgal0 1034107 1034539 29
Cgal0 1034542 1035094 12
Cgal0 1035264 1036164 34
Cgal0 1036160 1036448 29
Cgal0 1036434 1038381 33
Cgal0 1038677 1040129 34
Cgal0 1040085 1040829 34
Cgal0 1041179 1041482 39
Cgal0 1041607 1042789 12
Cgal0 1042885 1043860 35
Cgal0 1043825 1045784 41
Cgal0 1045749 1046421 12
Cgal0 1046404 1047172 16
Cgal0 1047168 1047858 30
Cgal0 1047866 1048343 30
Cgal0 1048379 1048877 12
Cgal0 1049120 1050017 30
Cgal0 1049997 1050903 34
Cgal0 1051472 1051817 2
